0 0.2065625 0.6230119999999999 0.17812500000000003 0.151544
0 0.5340625 0.3461175 0.830625 0.690365
0 0.234375 0.43592149999999996 0.21250000000000002 0.21515499999999993
0 0.3484375 0.279233 0.290625 0.41066400000000003
0 0.3509375 0.3419085 0.033125000000000016 0.341441
0 0.46375 0.310103 0.19250000000000006 0.281572
0 0.5909375 0.2951355 0.13687500000000008 0.48175900000000005
0 0.7278125 0.1950425 0.181875 0.251637
0 0.778125 0.2488305 0.14249999999999996 0.316183
0 0.798125 0.2965385 0.06625000000000003 0.159027
0 0.8834375 0.3334895 0.12937500000000002 0.20112300000000002
