0 0.0834965 0.0713235 0.10253899999999999 0.04852900000000001
0 0.104492 0.0720585 0.09375 0.03823499999999999
0 0.26416 0.3477945 0.15918 0.09264700000000003
0 0.274414 0.359559 0.164062 0.095588
0 0.292969 0.37205900000000003 0.18749999999999997 0.10882399999999998
0 0.25439449999999997 0.09852949999999999 0.04589899999999997 0.03235300000000001
0 0.38574200000000003 0.0529415 0.04882800000000004 0.052940999999999995
0 0.552246 0.066912 0.09472599999999998 0.03382399999999999
0 0.5791014999999999 0.42058850000000003 0.11718700000000004 0.102941
0 0.57666 0.075735 0.077148 0.039706000000000005
