0 0.035902 0.6203125 0.071804 0.06687500000000002
0 0.0753065 0.39 0.150613 0.15875
0 0.1313485 0.9153125 0.262697 0.16812499999999997
0 0.145797 0.13374999999999998 0.291594 0.265
0 0.2176005 0.8359375 0.401927 0.26812499999999995
0 0.301226 0.690625 0.43082400000000004 0.32625000000000004
0 0.43914149999999996 0.544375 0.46147099999999996 0.39625000000000005
0 0.584501 0.3140625 0.5 0.515625
0 0.49912449999999997 0.944375 0.15061300000000005 0.10999999999999999
0 0.6961470000000001 0.8915625 0.287216 0.21562500000000007
0 0.844133 0.7803125 0.309982 0.31437499999999996
0 0.857268 0.1909375 0.28371199999999996 0.381875
0 0.945709 0.5315624999999999 0.10682999999999998 0.15937499999999993
0 0.948774 0.98375 0.08318800000000004 0.03125
