0 0.0278125 0.4991645 0.055625 0.34335899999999997
0 0.160625 0.5802005 0.32125 0.23308299999999998
0 0.1696875 0.4005845 0.27937500000000004 0.30827099999999996
0 0.22062500000000002 0.3258145 0.1625 0.327485
0 0.3625 0.20217200000000002 0.19374999999999998 0.27569
0 0.4359375 0.8253969999999999 0.34062499999999996 0.2890560000000001
0 0.5203125 0.870092 0.426875 0.24477799999999994
0 0.3584375 0.245196 0.05687500000000001 0.323308
0 0.6174999999999999 0.36132 0.3275 0.17126199999999997
0 0.66125 0.8228905 0.36874999999999997 0.28404300000000005
0 0.715625 0.8625735 0.37124999999999997 0.27318299999999995
0 0.798125 0.311195 0.345 0.152882
0 0.90375 0.4598995 0.19125000000000003 0.348371
