0 0.1479165 0.37890650000000003 0.266667 0.03437499999999999
0 0.280729 0.1414065 0.188542 0.028124999999999983
0 0.2588545 0.367578 0.103125 0.028905999999999987
0 0.278646 0.6902345000000001 0.055208000000000035 0.21796899999999997
0 0.327604 0.730469 0.048958 0.25625
0 0.597917 0.126172 0.025000000000000022 0.028906
0 0.6177085 0.13125 0.027082999999999968 0.029688000000000006
0 0.7609375 0.22460950000000002 0.171875 0.02421900000000002
0 0.784896 0.2167965 0.192708 0.025781
0 0.9130205 0.564453 0.171875 0.03984399999999999
0 0.9265625 0.548828 0.144791 0.03984399999999999
