0 0.173546 0.5412755 0.314572 0.09568500000000002
0 0.132583 0.5863039999999999 0.17260799999999998 0.07567200000000007
0 0.18042550000000002 0.6529085 0.175735 0.10381499999999999
0 0.189181 0.7367105 0.155722 0.11131900000000006
0 0.236085 0.3821135 0.16698 0.10131299999999999
0 0.3230145 0.264228 0.10944300000000001 0.141964
0 0.3477175 0.7579739999999999 0.14509099999999997 0.24265199999999998
0 0.40494050000000004 0.7689185000000001 0.09568499999999996 0.2270169999999999
0 0.398999 0.22482800000000003 0.070044 0.179488
0 0.46404 0.8252035 0.06629200000000002 0.31957499999999994
0 0.485616 0.500938 0.04815599999999998 0.036272000000000026
0 0.5734835 0.8936835000000001 0.05003100000000005 0.21013099999999996
0 0.597248 0.750469 0.07379599999999997 0.17260799999999998
0 0.621326 0.2326455 0.08693000000000006 0.18761700000000003
0 0.6682300000000001 0.7939335 0.16698000000000002 0.297061
0 0.6647905000000001 0.25922449999999997 0.11632300000000007 0.165729
0 0.7107565 0.7554719999999999 0.198249 0.233896
0 0.8436525 0.432458 0.298937 0.081926
0 0.8161354999999999 0.5903685 0.200125 0.09756100000000001
0 0.783615 0.3495935 0.12132599999999993 0.073797
0 0.80738 0.40963099999999997 0.12507800000000002 0.056286
