0 0.033745 0.4884375 0.06749 0.010624999999999996
0 0.048148 0.5415625 0.096296 0.020625000000000004
0 0.025514500000000002 0.494375 0.047737 0.0050000000000000044
0 0.0469135 0.545625 0.08065900000000001 0.018750000000000044
0 0.14032899999999998 0.6225 0.127572 0.032500000000000084
0 0.146091 0.6268750000000001 0.089712 0.02375000000000005
0 0.150206 0.4575 0.02715999999999999 0.013749999999999984
0 0.274074 0.739375 0.139918 0.05125000000000002
0 0.2831275 0.7496875000000001 0.11193499999999998 0.04437499999999994
0 0.5641975 0.8428125 0.04032900000000006 0.09687499999999993
0 0.598354 0.84625 0.03621400000000008 0.08999999999999997
0 0.8329215000000001 0.5671875 0.05596699999999999 0.020625000000000004
0 0.830041 0.56125 0.045267999999999975 0.018750000000000044
0 0.954321 0.7703125 0.08312799999999998 0.04437499999999994
