0 0.06375 0.4879165 0.1275 0.06583299999999997
0 0.08093750000000001 0.49124999999999996 0.141875 0.07249999999999995
0 0.2765625 0.3320835 0.06562500000000002 0.024166999999999994
0 0.32125000000000004 0.29458300000000004 0.017500000000000016 0.017500000000000016
0 0.5884375 0.797083 0.12312500000000004 0.1775
0 0.6171875 0.28625 0.023125000000000062 0.030834000000000028
0 0.6290625000000001 0.2879165 0.021874999999999978 0.030833
0 0.705625 0.1045835 0.006249999999999978 0.019167000000000003
0 0.7134375 0.1054165 0.009375000000000022 0.024166999999999994
0 0.878125 0.5075 0.12374999999999992 0.03999999999999998
0 0.88625 0.5179165 0.11749999999999994 0.03916699999999995
